image_width: 640
image_height: 480
camera_name: 
camera_matrix:
  rows: 3
  cols: 3
  data: [457.069828, 0.000000, 316.157811, 0.000000, 457.674087, 260.058324, 0.000000, 0.000000, 1.000000]
distortion_model: 
distortion_coefficients:
  rows: 1
  cols: 5
  data: [-0.173114, 0.475502, -1.117614, 0.945879]
rectification_matrix:
  rows: 3
  cols: 3
  data: [1.000000, 0.000000, 0.000000, 0.000000, 1.000000, 0.000000, 0.000000, 0.000000, 1.000000]
projection_matrix:
  rows: 3
  cols: 4
  data: [457.069828, 0.000000, 316.157811, 0.000000, 0.000000, 457.674087, 260.058324, 0.000000, 0.000000, 0.000000, 1.000000, 0.000000]

