image_width: 640
image_height: 480
camera_name: camera
camera_matrix:
  rows: 3
  cols: 3
  data: [1780.308336, 0.000000, 324.126482, 0.000000, 1784.176879, 331.197314, 0.000000, 0.000000, 1.000000]
distortion_model: fisheye
distortion_coefficients:
  rows: 1
  cols: 5
  data: [-0.208443, -4.565377, 0.000710, 0.001413, 47.776405]
rectification_matrix:
  rows: 3
  cols: 3
  data: [1.000000, 0.000000, 0.000000, 0.000000, 1.000000, 0.000000, 0.000000, 0.000000, 1.000000]
projection_matrix:
  rows: 3
  cols: 4
  data: [1759.351685, 0.000000, 323.974590, 0.000000, 0.000000, 1765.671631, 331.520945, 0.000000, 0.000000, 0.000000, 1.000000, 0.000000]

